0.245814
0.310088
0.431965
0.437679
0.425804
0.402112
0.378810
0.351766
0.326090
0.306742
0.286019
0.269032
0.275961
0.293332
0.301413
0.306147
0.304561
0.294893
0.286812
0.289230
0.298136
0.316282
0.349616
0.417795
0.472705
0.506347
0.519540
0.503602
0.442377
0.378555
0.320204
0.299455
0.304951
0.324088
0.336123
0.334146
0.332764
0.322866
0.301746
0.279032
0.263965
0.260389
0.273646
0.289046
0.259794
0.239224
0.239378
0.237785
0.239167
0.236973
0.233620
0.226524
0.222775
0.220625
0.223811
0.221450
0.223427
0.225948
0.226332
0.241125
0.245853
0.246845
0.256135
0.262456
0.197144
0.205736
0.373250
0.388478
0.410577
0.406233
0.380787
0.352917
0.328835
0.304541
0.277113
0.262710
0.270625
0.288987
0.295693
0.303396
0.307753
0.302814
0.298086
0.282308
0.286262
0.304247
0.336590
0.407501
0.461636
0.504779
0.523903
0.524555
0.496025
0.505353
0.497694
0.495704
0.502186
0.495871
0.468065
0.460534
0.380392
0.359067
0.300787
0.265815
0.261854
0.380545
0.579674
0.588356
0.540965
0.473471
0.343436
0.260095
0.246838
0.245239
0.226876
0.229845
0.211105
0.231291
0.284849
0.326737
0.355375
0.229972
0.198513
0.189223
0.172236
0.169267
0.165524
0.178551
0.179997
0.269339
0.207112
0.267362
0.353679
0.344229
0.371881
0.350550
0.325866
0.303166
0.277113
0.254790
0.260727
0.272992
0.287010
0.293722
0.308521
0.322539
0.351113
0.414039
0.471027
0.541873
0.611447
0.602541
0.623424
0.634851
0.642926
0.667757
0.674078
0.723152
0.699460
0.692537
0.700835
0.697867
0.618396
0.612305
0.547242
0.441724
0.292316
0.241579
0.242180
0.332009
0.707541
0.752872
0.748751
0.761176
0.683919
0.436772
0.245693
0.240894
0.236934
0.258272
0.424501
0.483529
0.526512
0.524752
0.552949
0.450560
0.272514
0.292028
0.284555
0.270914
0.249807
0.222595
0.205953
0.568956
0.223868
0.172363
0.585111
0.662164
0.333953
0.347197
0.319929
0.294861
0.272161
0.254950
0.256927
0.264400
0.268904
0.366661
0.378862
0.444366
0.456555
0.440713
0.369093
0.348753
0.344191
0.281637
0.296046
0.272961
0.256576
0.246902
0.259928
0.266410
0.250254
0.248501
0.251246
0.238213
0.223043
0.215737
0.214361
0.190278
0.217330
0.229979
0.246358
0.266704
0.315253
0.348017
0.417271
0.376208
0.294900
0.240030
0.212755
0.207803
0.215116
0.249710
0.546244
0.752558
0.763377
0.763377
0.766730
0.573289
0.240581
0.240510
0.246838
0.254311
0.282354
0.432588
0.210451
0.367397
0.203529
0.186926
0.371958
0.488315
0.286115
0.324651
0.312616
0.287324
0.260824
0.241412
0.242941
0.213913
0.184885
0.227778
0.212390
0.203926
0.197598
0.200950
0.219313
0.220305
0.214975
0.201552
0.198193
0.197207
0.198199
0.197815
0.192709
0.196068
0.211686
0.235007
0.229447
0.206971
0.221597
0.214290
0.210720
0.203023
0.210874
0.201417
0.196075
0.213222
0.219543
0.220912
0.221290
0.223651
0.248558
0.285885
0.242839
0.227829
0.245206
0.429453
0.597678
0.646976
0.695666
0.721111
0.682095
0.463426
0.244374
0.207413
0.207029
0.207797
0.254816
0.520191
0.170758
0.170534
0.172287
0.163221
0.169926
0.167795
0.299353
0.255167
0.272865
0.251240
0.199281
0.172230
0.155467
0.178020
0.204079
0.227938
0.241579
0.249122
0.216357
0.205909
0.195467
0.195090
0.208961
0.221449
0.267695
0.267925
0.276076
0.299614
0.332289
0.359397
0.381336
0.376621
0.393825
0.422085
0.417133
0.425451
0.406877
0.419904
0.383339
0.379161
0.357990
0.317631
0.291118
0.271693
0.249902
0.270920
0.587403
0.748534
0.688193
0.677751
0.615043
0.263114
0.218853
0.245897
0.253217
0.275156
0.252679
0.220298
0.220285
0.222423
0.216703
0.200323
0.448513
0.792348
0.490612
0.226223
0.233376
0.327863
0.182345
0.179222
0.439075
0.564240
0.458979
0.174283
0.163765
0.178013
0.231898
0.253620
0.255059
0.239518
0.219633
0.228782
0.255135
0.292915
0.354228
0.388265
0.445835
0.497070
0.524940
0.536431
0.544345
0.566495
0.585894
0.596393
0.596994
0.599739
0.602708
0.592048
0.569688
0.568095
0.565126
0.576994
0.568696
0.572048
0.568478
0.556386
0.504185
0.461037
0.365924
0.463388
0.779194
0.804627
0.818037
0.724177
0.308228
0.210221
0.212582
0.226607
0.412286
0.603065
0.599553
0.507823
0.387295
0.288630
0.229582
0.225775
0.256122
0.383368
0.723632
0.218762
0.592240
0.722033
0.188673
0.179984
0.174948
0.620013
0.730042
0.343717
0.221674
0.255053
0.257106
0.252896
0.304957
0.308776
0.378003
0.454754
0.520225
0.557218
0.583322
0.590462
0.600187
0.611664
0.616988
0.620180
0.613859
0.617813
0.621165
0.626111
0.629240
0.623303
0.621326
0.614787
0.596604
0.602925
0.604902
0.616163
0.621326
0.617595
0.613034
0.608472
0.598363
0.582925
0.582484
0.527769
0.588138
0.707336
0.797550
0.417341
0.196209
0.207854
0.201532
0.289705
0.784197
0.829591
0.817173
0.821901
0.799872
0.754535
0.541957
0.236895
0.226773
0.211763
0.433657
0.174334
0.456031
0.496973
0.210234
0.175710
0.209249
0.335195
0.338542
0.247951
0.262877
0.427153
0.580835
0.673831
0.659826
0.646044
0.655628
0.629645
0.610808
0.597084
0.591434
0.594844
0.608913
0.623750
0.628088
0.620782
0.616060
0.619790
0.623142
0.622759
0.619406
0.617813
0.611658
0.604352
0.599412
0.602541
0.601165
0.606111
0.613418
0.605727
0.601773
0.592490
0.599188
0.601165
0.607871
0.623636
0.600053
0.567437
0.609333
0.394300
0.221974
0.209620
0.206261
0.220829
0.574076
0.816731
0.820301
0.808484
0.803538
0.809860
0.818996
0.408166
0.206651
0.211149
0.206658
0.224309
0.233766
0.178455
0.263779
0.445883
0.312501
0.216191
0.264029
0.272404
0.542382
0.747377
0.748522
0.694836
0.744331
0.755535
0.754102
0.756629
0.745202
0.732246
0.710607
0.682263
0.657880
0.610034
0.591147
0.595772
0.613802
0.616828
0.626879
0.632209
0.627263
0.619790
0.616226
0.610289
0.606719
0.600948
0.601773
0.601773
0.599796
0.600948
0.597212
0.594851
0.609080
0.612048
0.603750
0.603526
0.611601
0.620667
0.611767
0.589676
0.362456
0.204143
0.212198
0.221264
0.241169
0.401353
0.603559
0.739628
0.806290
0.819534
0.836904
0.476978
0.199939
0.205429
0.239332
0.487854
0.281093
0.167405
0.591031
0.847673
0.388249
0.218622
0.213439
0.363563
0.726339
0.750550
0.603599
0.429494
0.734728
0.746469
0.748004
0.747397
0.754870
0.764102
0.770584
0.773937
0.766854
0.738139
0.520636
0.306902
0.363850
0.587790
0.594142
0.592957
0.602151
0.615234
0.616610
0.599796
0.592650
0.583366
0.581389
0.585343
0.590897
0.599796
0.601773
0.611057
0.606936
0.604959
0.604742
0.601165
0.603526
0.605286
0.608031
0.598850
0.560106
0.341958
0.206491
0.221872
0.215941
0.485609
0.596757
0.507836
0.499090
0.573385
0.613610
0.304331
0.218296
0.211974
0.453068
0.219370
0.189274
0.172127
0.328791
0.370335
0.287580
0.319199
0.273626
0.370332
0.726339
0.746980
0.540393
0.374126
0.730447
0.741420
0.748893
0.746923
0.684427
0.632559
0.567907
0.482498
0.412324
0.410096
0.339199
0.211526
0.434232
0.840474
0.804427
0.747413
0.683980
0.600055
0.555907
0.578357
0.602714
0.597224
0.591888
0.592490
0.596060
0.602598
0.605343
0.605727
0.608696
0.608696
0.605343
0.604735
0.608088
0.611217
0.609400
0.594883
0.744137
0.727266
0.293575
0.211821
0.219895
0.383975
0.785412
0.804817
0.731290
0.601319
0.415108
0.277580
0.217924
0.212358
0.334357
0.407685
0.224470
0.335016
0.325342
0.168397
0.226312
0.417993
0.707220
0.362520
0.682717
0.750947
0.621149
0.349942
0.671431
0.746058
0.676863
0.460570
0.272672
0.234680
0.256677
0.323690
0.309070
0.305110
0.312199
0.280753
0.313390
0.495955
0.604377
0.710823
0.733524
0.762545
0.690688
0.377684
0.368815
0.471696
0.559169
0.602548
0.611287
0.607928
0.604575
0.601991
0.602982
0.607320
0.608305
0.608689
0.613034
0.608088
0.610225
0.604103
0.745155
0.821613
0.682697
0.297913
0.219517
0.240036
0.639216
0.819757
0.799865
0.810531
0.804594
0.724361
0.464623
0.271253
0.416534
0.769321
0.250696
0.528002
0.625011
0.201929
0.171365
0.572034
0.640552
0.237816
0.503265
0.539203
0.415298
0.272781
0.480545
0.500488
0.282186
0.230777
0.362322
0.539548
0.663223
0.730550
0.720268
0.714171
0.715546
0.680210
0.592710
0.498715
0.438254
0.440558
0.412246
0.394588
0.352470
0.276064
0.226088
0.232800
0.273395
0.351982
0.455304
0.562132
0.601556
0.609694
0.607711
0.613424
0.612432
0.611825
0.615177
0.615177
0.621275
0.619945
0.696675
0.743991
0.771951
0.577179
0.216389
0.212972
0.459870
0.802112
0.817780
0.803602
0.795905
0.803986
0.810307
0.727714
0.211827
0.288336
0.203529
0.196279
0.243606
0.184930
0.186369
0.294797
0.281925
0.196651
0.223791
0.240394
0.228730
0.283748
0.243132
0.211737
0.260714
0.609955
0.750097
0.752917
0.745380
0.739219
0.742572
0.736858
0.742412
0.737466
0.742034
0.747748
0.741433
0.732527
0.723237
0.698118
0.649531
0.631559
0.529452
0.331221
0.231956
0.288636
0.354997
0.328700
0.351989
0.422226
0.466558
0.477672
0.486974
0.491319
0.491696
0.482182
0.455675
0.415477
0.361734
0.332194
0.300729
0.258258
0.223350
0.233414
0.236319
0.337045
0.542534
0.735283
0.809098
0.810691
0.800633
0.803602
0.292808
0.178909
0.425600
0.460342
0.225852
0.211283
0.330358
0.301112
0.194674
0.240689
0.496229
0.707975
0.693362
0.466171
0.221341
0.218429
0.638626
0.826160
0.736641
0.735322
0.734715
0.737242
0.737242
0.737242
0.735265
0.736858
0.736474
0.735099
0.731362
0.735265
0.736251
0.735041
0.738394
0.749667
0.589313
0.260734
0.227291
0.625766
0.819975
0.755897
0.415108
0.232960
0.253152
0.274790
0.275481
0.267189
0.276639
0.246767
0.245397
0.252941
0.289960
0.324771
0.381503
0.397728
0.406039
0.433692
0.393941
0.312052
0.253242
0.276935
0.437841
0.618716
0.740235
0.732378
0.775001
0.336949
0.429113
0.528162
0.208544
0.606098
0.835426
0.626610
0.230049
0.309571
0.818445
0.855958
0.684770
0.270811
0.210669
0.222934
0.478795
0.657052
0.692668
0.732693
0.749891
0.742194
0.735489
0.736033
0.738010
0.734881
0.734497
0.736474
0.731529
0.732680
0.732457
0.728336
0.731529
0.673070
0.420013
0.210905
0.403284
0.813269
0.817160
0.839252
0.680393
0.241469
0.262737
0.657085
0.667968
0.415402
0.281962
0.278392
0.337543
0.462573
0.567974
0.581882
0.606387
0.611333
0.608588
0.610949
0.605178
0.579241
0.500916
0.389961
0.261002
0.231591
0.277683
0.272955
0.687622
0.337109
0.157737
0.180060
0.201001
0.553320
0.762929
0.403310
0.280581
0.261431
0.573276
0.563545
0.243446
0.238852
0.258423
0.227188
0.205256
0.228500
0.289358
0.397671
0.510469
0.596383
0.679929
0.728676
0.747249
0.744722
0.743730
0.747467
0.748618
0.743289
0.738343
0.712681
0.675597
0.501813
0.267061
0.213644
0.443291
0.817774
0.821120
0.841236
0.619221
0.237726
0.241629
0.652907
0.862337
0.817223
0.557037
0.293773
0.284733
0.395156
0.573527
0.615504
0.618082
0.612753
0.615721
0.617698
0.620667
0.621051
0.630284
0.625889
0.545594
0.401228
0.267707
0.210861
0.218948
0.167962
0.299462
0.423963
0.166420
0.190713
0.235142
0.244060
0.227835
0.244822
0.192703
0.215026
0.228960
0.556241
0.681809
0.624854
0.526906
0.355233
0.266114
0.220265
0.207840
0.224834
0.286460
0.400576
0.476598
0.528928
0.604496
0.617843
0.548366
0.485281
0.462356
0.357920
0.312903
0.248078
0.216996
0.221725
0.233772
0.337934
0.405588
0.416637
0.273850
0.231405
0.223875
0.395696
0.716984
0.797434
0.847781
0.628351
0.315687
0.241124
0.348617
0.525651
0.609733
0.614730
0.618082
0.623412
0.627974
0.622260
0.627974
0.631102
0.631653
0.615997
0.548338
0.393685
0.227643
0.262973
0.267311
0.320627
0.397347
0.221885
0.307587
0.561714
0.239275
0.193311
0.328765
0.349872
0.231334
0.573400
0.744625
0.744011
0.749507
0.729501
0.678873
0.599544
0.503509
0.397090
0.266818
0.214322
0.209760
0.227508
0.244655
0.243664
0.231021
0.223708
0.214482
0.228884
0.268955
0.308873
0.343896
0.397761
0.427838
0.449387
0.397889
0.415867
0.448242
0.437192
0.406961
0.337427
0.312085
0.349437
0.500075
0.623725
0.539155
0.235692
0.240427
0.295757
0.484691
0.606931
0.616873
0.622804
0.620443
0.625389
0.629125
0.628134
0.626374
0.636208
0.639945
0.614398
0.214988
0.396771
0.228232
0.549494
0.695570
0.246748
0.318208
0.365305
0.176100
0.369156
0.737298
0.604421
0.258456
0.325251
0.649243
0.723300
0.728784
0.730377
0.734721
0.744882
0.755203
0.758819
0.656532
0.559352
0.433591
0.299960
0.218436
0.225902
0.231008
0.229255
0.503318
0.690515
0.698620
0.698708
0.721305
0.737902
0.741312
0.743673
0.737959
0.740928
0.745874
0.745106
0.737415
0.711369
0.666134
0.566209
0.496681
0.385873
0.293121
0.250702
0.229364
0.227010
0.249051
0.405957
0.584948
0.622369
0.619010
0.627309
0.621211
0.626157
0.635440
0.635440
0.623956
0.618403
0.178647
0.166222
0.177265
0.269903
0.218929
0.212768
0.200727
0.179082
0.177930
0.497164
0.783179
0.351721
0.266076
0.199862
0.334535
0.640554
0.702974
0.717580
0.724663
0.721695
0.726967
0.733609
0.744818
0.751850
0.765140
0.701709
0.543197
0.328989
0.226517
0.232614
0.486274
0.760088
0.777054
0.736744
0.732623
0.734216
0.733448
0.735809
0.733448
0.737185
0.736193
0.736033
0.738010
0.735873
0.738842
0.735656
0.731318
0.719289
0.575307
0.280485
0.448020
0.575861
0.378005
0.259634
0.337485
0.516131
0.619567
0.620386
0.617033
0.629286
0.637200
0.626157
0.626541
0.623348
0.394877
0.442223
0.215832
0.522404
0.310364
0.163010
0.238737
0.483893
0.362310
0.204367
0.441167
0.393538
0.519560
0.295001
0.193157
0.355022
0.624496
0.702974
0.723294
0.725047
0.724222
0.726359
0.726743
0.729047
0.731248
0.742457
0.752074
0.716937
0.551975
0.322827
0.211897
0.307978
0.584069
0.723041
0.732733
0.744223
0.741696
0.738945
0.735208
0.737569
0.736193
0.732457
0.735649
0.737626
0.734881
0.734881
0.731913
0.734888
0.590969
0.264329
0.534740
0.865472
0.801842
0.377999
0.239211
0.286992
0.431075
0.590277
0.628460
0.639337
0.631262
0.622580
0.638569
0.649830
0.344308
0.330340
0.216229
0.564701
0.510523
0.199280
0.511161
0.645955
0.448287
0.202620
0.214277
0.296383
0.594929
0.574897
0.291034
0.191551
0.310152
0.646455
0.719667
0.723454
0.725207
0.721855
0.720870
0.723998
0.729328
0.731471
0.727351
0.737569
0.760251
0.741693
0.441762
0.226901
0.256089
0.308809
0.409899
0.463284
0.571361
0.669149
0.739501
0.744281
0.738177
0.735809
0.735425
0.735649
0.732520
0.732136
0.732136
0.740435
0.658290
0.310005
0.380302
0.821671
0.843597
0.477035
0.209844
0.232109
0.233804
0.339916
0.544378
0.636157
0.629663
0.636368
0.643675
0.656528
0.450882
0.340642
0.200055
0.346943
0.270696
0.372758
0.582819
0.632883
0.442170
0.275743
0.460335
0.207859
0.542139
0.639433
0.523489
0.227585
0.206555
0.292711
0.629782
0.739495
0.718285
0.724606
0.720486
0.719494
0.717901
0.717901
0.723838
0.723614
0.733225
0.764084
0.784765
0.342335
0.234975
0.227285
0.239550
0.223778
0.222793
0.285411
0.455434
0.560919
0.688874
0.739278
0.743289
0.738784
0.729936
0.732904
0.732520
0.736474
0.741433
0.525933
0.249627
0.583046
0.825471
0.381569
0.215173
0.281087
0.556513
0.389509
0.282781
0.471818
0.616541
0.639721
0.644276
0.644660
0.640267
0.515708
0.279686
0.287479
0.193138
0.459925
0.559421
0.625416
0.368669
0.292334
0.677556
0.253862
0.381439
0.651846
0.637610
0.472471
0.209984
0.205179
0.279077
0.613211
0.739598
0.716692
0.725207
0.721253
0.718669
0.714772
0.715981
0.722079
0.735809
0.737281
0.798898
0.495794
0.214475
0.349642
0.697604
0.644793
0.516248
0.364939
0.260119
0.234674
0.291732
0.408210
0.584541
0.692227
0.732028
0.739392
0.732904
0.732904
0.738074
0.695226
0.348873
0.240638
0.360788
0.273230
0.213580
0.414590
0.866464
0.739742
0.441397
0.375036
0.352398
0.544909
0.617687
0.591800
0.602025
0.434100
0.282284
0.309585
0.253799
0.455453
0.536733
0.609812
0.355796
0.334388
0.733353
0.464557
0.222709
0.557360
0.663708
0.633593
0.454044
0.214712
0.209523
0.266434
0.627230
0.744160
0.718285
0.720870
0.717901
0.716749
0.716589
0.714388
0.726199
0.735752
0.777982
0.543780
0.207777
0.356347
0.800537
0.778967
0.755587
0.739758
0.688075
0.585021
0.401057
0.263862
0.238193
0.289147
0.415362
0.551085
0.704005
0.736654
0.741593
0.737095
0.517027
0.232627
0.325886
0.395363
0.229806
0.293672
0.710823
0.858991
0.521240
0.553844
0.294733
0.250100
0.361785
0.377031
0.405756
0.306104
0.356387
0.392339
0.268617
0.429029
0.493712
0.585307
0.332270
0.305744
0.718567
0.643600
0.224616
0.357523
0.650029
0.652050
0.642051
0.466233
0.223996
0.219805
0.287151
0.600569
0.733277
0.716308
0.715540
0.716749
0.713620
0.714388
0.717133
0.722623
0.736296
0.681473
0.326180
0.224156
0.564433
0.790017
0.728119
0.734600
0.740320
0.748177
0.752177
0.661548
0.482312
0.384357
0.290146
0.246722
0.323191
0.486342
0.619083
0.722201
0.619947
0.276364
0.561939
0.839265
0.403060
0.218916
0.276525
0.503575
0.463190
0.354319
0.567708
0.307631
0.220919
0.208487
0.307511
0.351256
0.356132
0.380151
0.391865
0.426994
0.456565
0.565364
0.315898
0.312609
0.716744
0.713255
0.368803
0.204277
0.512663
0.671782
0.647105
0.654847
0.506996
0.218052
0.206989
0.244335
0.610787
0.743271
0.717844
0.720262
0.717517
0.719494
0.716749
0.718726
0.720102
0.732182
0.657563
0.285117
0.247854
0.581765
0.741799
0.726366
0.731695
0.730704
0.734056
0.738017
0.748017
0.731805
0.698324
0.536081
0.432797
0.313517
0.264540
0.337817
0.393513
0.258533
0.562930
0.875914
0.558874
0.214796
0.226600
0.222877
0.261969
0.221296
0.513395
0.497462
0.270823
0.219684
0.377488
0.395129
0.348051
0.367572
0.413120
0.387161
0.437774
0.542293
0.352463
0.265833
0.677510
0.720396
0.590445
0.211136
0.319518
0.645845
0.666446
0.647873
0.656761
0.547605
0.258130
0.227726
0.263459
0.635791
0.753489
0.720588
0.721253
0.722239
0.721471
0.719110
0.716749
0.717133
0.731798
0.630198
0.307657
0.224994
0.463444
0.700852
0.738951
0.732687
0.731695
0.731311
0.733288
0.732904
0.742738
0.749994
0.750986
0.698445
0.608801
0.459899
0.346884
0.268814
0.331235
0.681481
0.536781
0.218148
0.215551
0.400181
0.754688
0.568931
0.294132
0.405522
0.365144
0.224259
0.452104
0.440843
0.342114
0.307244
0.349043
0.310921
0.416015
0.511307
0.390633
0.221424
0.630523
0.706000
0.708310
0.364625
0.199094
0.463993
0.671565
0.644136
0.646056
0.681598
0.526280
0.213714
0.213477
0.254553
0.585118
0.757002
0.725918
0.723998
0.721855
0.724216
0.722463
0.714388
0.713396
0.727517
0.679841
0.376533
0.214706
0.321676
0.498531
0.705317
0.747249
0.735048
0.730927
0.730543
0.730543
0.733288
0.737409
0.737025
0.742578
0.745329
0.718842
0.637062
0.460897
0.331272
0.250996
0.232327
0.217918
0.364678
0.830353
0.847941
0.448020
0.328509
0.317958
0.222262
0.476500
0.520666
0.431176
0.280212
0.290871
0.263946
0.404300
0.484435
0.469253
0.196139
0.554604
0.704791
0.717490
0.555653
0.196510
0.265359
0.619127
0.666446
0.641935
0.650778
0.687248
0.455140
0.205787
0.215070
0.235423
0.555104
0.756618
0.729431
0.724382
0.725591
0.725591
0.723998
0.719494
0.713780
0.725374
0.654849
0.275954
0.215461
0.218666
0.326691
0.529082
0.694651
0.745272
0.738400
0.733288
0.734497
0.736641
0.732904
0.728784
0.736033
0.738010
0.743346
0.742969
0.701093
0.515428
0.275904
0.235686
0.267843
0.683234
0.853047
0.669120
0.310518
0.502173
0.231405
0.424087
0.483416
0.442993
0.347629
0.353988
0.253141
0.280920
0.445081
0.514583
0.247336
0.406296
0.708854
0.705065
0.677855
0.311080
0.211897
0.428362
0.671725
0.655563
0.635013
0.665173
0.696027
0.438153
0.224380
0.223151
0.225742
0.535756
0.754961
0.741569
0.725310
0.726743
0.728560
0.725975
0.716525
0.710428
0.716922
0.534545
0.240989
0.341644
0.343998
0.201685
0.309103
0.518359
0.682009
0.751594
0.739994
0.735265
0.732904
0.729776
0.732904
0.732520
0.731753
0.728784
0.743564
0.719296
0.391753
0.229588
0.343647
0.352944
0.681865
0.825311
0.349207
0.484809
0.417532
0.462712
0.415788
0.374213
0.387246
0.367399
0.393945
0.218558
0.354133
0.535383
0.372425
0.324113
0.704395
0.697535
0.715897
0.518103
0.204200
0.247310
0.597291
0.682602
0.631884
0.642319
0.664182
0.713334
0.481513
0.215851
0.221552
0.212716
0.410053
0.720489
0.771781
0.739809
0.727127
0.727351
0.725975
0.718285
0.714324
0.742023
0.478992
0.281674
0.630979
0.500861
0.273306
0.208173
0.315808
0.515838
0.677223
0.743295
0.737633
0.732904
0.732136
0.732136
0.731369
0.733730
0.740051
0.655321
0.311924
0.288566
0.768259
0.715288
0.325355
0.451533
0.305329
0.369099
0.660641
0.492278
0.437676
0.360605
0.337174
0.319905
0.383976
0.379363
0.297498
0.465849
0.505805
0.244361
0.611335
0.703031
0.698968
0.686096
0.297670
0.192152
0.387012
0.661002
0.663861
0.616279
0.653746
0.678130
0.710141
0.456068
0.202434
0.225896
0.204411
0.310780
0.506735
0.730931
0.760795
0.730199
0.727735
0.723614
0.727895
0.754090
0.633590
0.228500
0.372252
0.765633
0.686322
0.489882
0.290677
0.222576
0.291515
0.457858
0.664260
0.741152
0.739610
0.736641
0.735489
0.733346
0.741650
0.557162
0.230496
0.409260
0.831121
0.808548
0.335400
0.202915
0.226760
0.268611
0.563365
0.352446
0.308613
0.313303
0.378781
0.334077
0.341979
0.361320
0.357180
0.384287
0.541845
0.286102
0.437135
0.708694
0.698744
0.714522
0.568232
0.222172
0.219434
0.527693
0.671558
0.648641
0.615287
0.662045
0.673408
0.703756
0.374326
0.201603
0.215998
0.208301
0.198474
0.352611
0.649969
0.777157
0.749202
0.728279
0.730096
0.740417
0.637735
0.276876
0.229268
0.577491
0.747352
0.743008
0.695452
0.493074
0.285795
0.231321
0.270247
0.476982
0.670134
0.739559
0.733512
0.733730
0.744011
0.608942
0.250298
0.425416
0.814204
0.485116
0.225839
0.222640
0.250689
0.261528
0.426177
0.350768
0.325587
0.303079
0.333706
0.382248
0.404290
0.406050
0.276615
0.269064
0.520533
0.448901
0.310325
0.684887
0.695174
0.701936
0.713576
0.354721
0.194513
0.300478
0.640765
0.673145
0.622594
0.625345
0.655723
0.699558
0.603768
0.220579
0.209677
0.222326
0.218206
0.201436
0.266594
0.458979
0.713886
0.777598
0.743162
0.732176
0.758051
0.549231
0.225531
0.289077
0.661101
0.731254
0.730102
0.749553
0.687435
0.583268
0.346590
0.233689
0.279480
0.520470
0.706973
0.738848
0.734561
0.689736
0.375764
0.247560
0.315822
0.224847
0.220663
0.333743
0.715993
0.577780
0.289417
0.371973
0.290084
0.305708
0.345247
0.350281
0.351792
0.387001
0.365063
0.261323
0.422496
0.551890
0.267899
0.521525
0.700453
0.699352
0.718092
0.580868
0.218442
0.206778
0.475677
0.674246
0.661277
0.605620
0.627322
0.650394
0.692617
0.388728
0.187200
0.289225
0.532283
0.283735
0.218212
0.217822
0.280990
0.528988
0.760273
0.781494
0.773798
0.788079
0.394825
0.210515
0.336078
0.718696
0.736360
0.727959
0.732687
0.753507
0.723001
0.583555
0.361823
0.244361
0.327152
0.601111
0.741439
0.688367
0.316493
0.207323
0.212812
0.221872
0.257171
0.708462
0.854806
0.689619
0.343890
0.367968
0.316348
0.325817
0.368920
0.345962
0.320299
0.329340
0.372342
0.360870
0.328950
0.551526
0.402278
0.356781
0.688527
0.694406
0.701169
0.722418
0.380941
0.199465
0.253631
0.595851
0.670951
0.632652
0.610949
0.627322
0.673517
0.604593
0.232998
0.209300
0.596424
0.724936
0.464846
0.238328
0.212869
0.221782
0.353986
0.604121
0.729153
0.736850
0.510030
0.213484
0.223932
0.604408
0.774974
0.726302
0.727959
0.730927
0.737025
0.750986
0.730756
0.600319
0.363807
0.255474
0.451607
0.531436
0.284208
0.544030
0.337761
0.209837
0.234304
0.627615
0.862727
0.488859
0.466619
0.351384
0.318568
0.324051
0.351984
0.344759
0.318502
0.330332
0.360339
0.392316
0.324746
0.442445
0.563919
0.288079
0.603324
0.696556
0.696223
0.720453
0.633742
0.241149
0.197482
0.409265
0.660785
0.658916
0.613310
0.618262
0.624737
0.689104
0.353826
0.193906
0.337601
0.731762
0.742325
0.605233
0.335624
0.215243
0.214853
0.225519
0.268725
0.287478
0.254323
0.219959
0.219191
0.300505
0.588029
0.766836
0.739873
0.731471
0.733896
0.732136
0.736641
0.756092
0.734108
0.566696
0.306211
0.224783
0.279340
0.812227
0.464616
0.203132
0.221271
0.256639
0.472256
0.311113
0.575399
0.339585
0.330193
0.321300
0.326142
0.314970
0.289102
0.325393
0.380244
0.385618
0.371152
0.322475
0.577399
0.367914
0.362942
0.682263
0.695398
0.699576
0.730332
0.422772
0.200841
0.228724
0.560515
0.663260
0.648033
0.601282
0.610348
0.650062
0.537483
0.203970
0.209907
0.543293
0.724531
0.729700
0.707366
0.527842
0.287478
0.215237
0.217368
0.210662
0.200611
0.208308
0.216613
0.224309
0.237957
0.468109
0.729298
0.745369
0.724222
0.730159
0.728182
0.733672
0.744492
0.756533
0.685041
0.507507
0.284048
0.426695
0.324127
0.209837
0.317742
0.585855
0.261585
0.299622
0.458224
0.469717
0.373752
0.308875
0.350051
0.346148
0.303715
0.311406
0.366654
0.389962
0.390909
0.318413
0.454320
0.570835
0.274060
0.591290
0.690619
0.696991
0.711771
0.667165
0.266818
0.194513
0.393654
0.658968
0.664245
0.615287
0.605018
0.610892
0.649430
0.314139
0.205339
0.303473
0.707590
0.707121
0.701247
0.732836
0.692522
0.393072
0.210899
0.261406
0.465224
0.492109
0.409445
0.268738
0.228052
0.225915
0.348887
0.641408
0.742784
0.723454
0.727799
0.727415
0.729776
0.735649
0.744715
0.754620
0.622499
0.295763
0.221117
0.207476
0.472570
0.866848
0.620590
0.258629
0.221738
0.414762
0.329501
0.305189
0.398024
0.420731
0.367466
0.330568
0.341234
0.371043
0.400199
0.392145
0.357953
0.583330
0.408209
0.426930
0.681886
0.690068
0.701169
0.731765
0.490489
0.206177
0.231085
0.549178
0.656939
0.655339
0.596938
0.596112
0.631648
0.539787
0.211283
0.218596
0.520593
0.734973
0.704657
0.696806
0.724876
0.695107
0.291438
0.276422
0.684097
0.760738
0.753649
0.661517
0.493491
0.315514
0.226913
0.262263
0.532314
0.744160
0.726423
0.725655
0.719781
0.725655
0.732904
0.735265
0.754677
0.543912
0.233996
0.200170
0.463504
0.855798
0.667527
0.342515
0.339443
0.423117
0.314338
0.325560
0.415439
0.441498
0.412477
0.366903
0.336716
0.332378
0.354062
0.395773
0.370610
0.482132
0.574405
0.294246
0.593561
0.682160
0.694246
0.710395
0.692227
0.283972
0.195505
0.343908
0.653798
0.659300
0.619248
0.580955
0.586829
0.639315
0.306826
0.205947
0.284733
0.682144
0.716251
0.710818
0.708233
0.740423
0.599744
0.222563
0.367237
0.739637
0.725694
0.743769
0.769036
0.717520
0.446938
0.281009
0.247259
0.505717
0.723122
0.725822
0.708354
0.717036
0.720165
0.738234
0.737472
0.441556
0.243837
0.345401
0.317978
0.777933
0.522769
0.416330
0.434071
0.356757
0.302898
0.341152
0.413456
0.421990
0.408957
0.386474
0.351733
0.315392
0.311611
0.370532
0.414546
0.379847
0.591245
0.412777
0.439195
0.675788
0.684962
0.703530
0.737095
0.496043
0.199472
0.243510
0.579735
0.645678
0.647873
0.578588
0.576010
0.626383
0.563319
0.220195
0.256933
0.523024
0.725420
0.713179
0.717741
0.711970
0.735740
0.375381
0.228506
0.613595
0.738280
0.737185
0.728503
0.749483
0.770125
0.655299
0.336244
0.234457
0.418561
0.707197
0.699896
0.717036
0.718629
0.731656
0.626076
0.246338
0.439434
0.828606
0.387679
0.360410
0.305336
0.433694
0.409797
0.346822
0.310332
0.322022
0.373378
0.367300
0.372252
0.384133
0.375233
0.351100
0.336263
0.377410
0.417521
0.376291
0.466521
0.570995
0.348720
0.621591
0.679633
0.696223
0.712980
0.664036
0.263248
0.198250
0.332475
0.635122
0.648698
0.621225
0.577603
0.580508
0.637011
0.298201
0.212882
0.313595
0.693699
0.717300
0.718732
0.715380
0.735982
0.636743
0.243900
0.353449
0.714416
0.729494
0.739770
0.724830
0.736360
0.767558
0.703021
0.397647
0.230119
0.494864
0.711880
0.696767
0.720229
0.729743
0.535293
0.293755
0.788311
0.734189
0.286646
0.217707
0.215289
0.460745
0.379579
0.587239
0.311773
0.281573
0.323422
0.337428
0.368222
0.396258
0.407090
0.416707
0.401313
0.393623
0.423330
0.434451
0.347243
0.575570
0.437627
0.494340
0.678814
0.686555
0.702320
0.730172
0.468844
0.207546
0.217067
0.556491
0.657930
0.652434
0.589855
0.561390
0.623414
0.487360
0.201442
0.208755
0.538629
0.732790
0.721093
0.723518
0.713019
0.757289
0.479543
0.214111
0.516920
0.737902
0.733672
0.738234
0.724062
0.739546
0.758165
0.745127
0.435798
0.245794
0.589146
0.703485
0.679799
0.691560
0.430576
0.351504
0.645434
0.305003
0.212588
0.207042
0.278464
0.359732
0.313781
0.529489
0.288305
0.273255
0.382324
0.422121
0.439652
0.459211
0.465532
0.470247
0.452927
0.426547
0.453497
0.457919
0.379899
0.476566
0.555608
0.340485
0.633305
0.675679
0.703696
0.718309
0.684817
0.287164
0.196881
0.362265
0.658360
0.659357
0.623425
0.557270
0.580892
0.641515
0.326621
0.200451
0.357787
0.723545
0.720492
0.728022
0.712475
0.731478
0.705229
0.301726
0.299583
0.688970
0.726589
0.737242
0.730217
0.724670
0.742899
0.749163
0.719265
0.374914
0.315725
0.589997
0.404369
0.286319
0.254790
0.228814
0.224086
0.211597
0.296033
0.495661
0.312438
0.243792
0.328459
0.280717
0.236639
0.330615
0.480491
0.489116
0.499334
0.499551
0.503121
0.492890
0.469857
0.453708
0.477465
0.447471
0.395555
0.374568
0.609467
0.431523
0.484889
0.676613
0.690676
0.709467
0.741113
0.499075
0.202825
0.234444
0.589857
0.664853
0.659965
0.581173
0.552708
0.623254
0.575097
0.226517
0.243280
0.598655
0.723787
0.733128
0.723518
0.712859
0.760155
0.535059
0.226753
0.492466
0.722962
0.727415
0.736698
0.711323
0.734280
0.736801
0.746091
0.707735
0.335290
0.258225
0.419842
0.671263
0.356501
0.205109
0.207470
0.272942
0.700989
0.813116
0.343443
0.221092
0.374596
0.242270
0.383682
0.459999
0.495163
0.499551
0.508617
0.501912
0.499385
0.488386
0.475026
0.462224
0.472954
0.435909
0.386955
0.354433
0.454992
0.588904
0.355265
0.621654
0.678648
0.699192
0.724407
0.695413
0.293262
0.197105
0.436156
0.661610
0.666280
0.623425
0.551339
0.570456
0.660920
0.338055
0.197488
0.412100
0.722738
0.725054
0.735105
0.711707
0.726589
0.728594
0.343781
0.309871
0.694364
0.722469
0.735105
0.727472
0.713300
0.737466
0.736858
0.747364
0.637343
0.254252
0.503415
0.780204
0.350403
0.201149
0.199172
0.452998
0.873169
0.578899
0.318669
0.314690
0.430414
0.463512
0.549030
0.529848
0.531870
0.508176
0.494055
0.486582
0.474765
0.466734
0.456337
0.445121
0.446663
0.434449
0.402157
0.373007
0.340639
0.576805
0.484097
0.471863
0.674860
0.692877
0.721054
0.752476
0.481480
0.197495
0.290747
0.631041
0.665294
0.656612
0.558261
0.541063
0.650670
0.578770
0.219811
0.299960
0.683865
0.719116
0.739002
0.717804
0.711489
0.747793
0.635150
0.259140
0.561777
0.729725
0.723518
0.740268
0.711764
0.721982
0.736916
0.734778
0.738701
0.398068
0.235749
0.262404
0.210061
0.209831
0.191865
0.338081
0.674840
0.367800
0.462862
0.365868
0.418008
0.454920
0.449635
0.477044
0.514012
0.490702
0.479710
0.465532
0.457284
0.449414
0.439017
0.429771
0.424435
0.423655
0.408305
0.374600
0.353876
0.372636
0.627165
0.388183
0.625231
0.687163
0.718309
0.737203
0.655124
0.242525
0.231475
0.557495
0.647879
0.662165
0.611397
0.522330
0.604033
0.671964
0.318317
0.222563
0.584260
0.717306
0.736641
0.729392
0.701489
0.724670
0.752241
0.416067
0.335163
0.680920
0.723742
0.728080
0.728905
0.700177
0.738956
0.706928
0.498517
0.272615
0.235142
0.216549
0.209447
0.229959
0.497855
0.340896
0.232186
0.510548
0.453681
0.366227
0.386472
0.485395
0.465560
0.488784
0.469652
0.463823
0.460854
0.452166
0.444302
0.433687
0.427411
0.421300
0.422887
0.420513
0.400224
0.373224
0.372456
0.336896
0.469157
0.523267
0.482752
0.683376
0.709851
0.725392
0.741152
0.405241
0.199094
0.442260
0.626670
0.647168
0.658819
0.528868
0.563373
0.669019
0.536268
0.199696
0.417877
0.709942
0.725054
0.738458
0.702481
0.715443
0.739392
0.648522
0.282679
0.558077
0.728086
0.720446
0.742149
0.709083
0.720082
0.485868
0.231872
0.435697
0.705334
0.339904
0.194450
0.421289
0.858997
0.561074
0.241418
0.377166
0.345042
0.363048
0.382741
0.699360
0.681234
0.530859
0.385248
0.406681
0.426010
0.437040
0.430328
0.421473
0.418549
0.417167
0.418754
0.414403
0.390378
0.370095
0.369110
0.367523
0.351708
0.578962
0.429240
0.632761
0.699742
0.718853
0.741874
0.630005
0.236594
0.259358
0.563790
0.626240
0.651730
0.597776
0.524307
0.626721
0.668381
0.293863
0.294471
0.677287
0.713850
0.734337
0.719013
0.700727
0.727799
0.748241
0.422579
0.358374
0.700619
0.699141
0.608461
0.627809
0.518767
0.256235
0.482634
0.838210
0.860366
0.426144
0.194456
0.635536
0.849764
0.466984
0.336027
0.272973
0.321293
0.358921
0.399882
0.724242
0.752253
0.622499
0.362273
0.311394
0.342981
0.408510
0.414601
0.412612
0.413430
0.412048
0.410666
0.397467
0.377568
0.370102
0.367523
0.363793
0.372220
0.424877
0.534860
0.489681
0.668763
0.697157
0.726544
0.727524
0.388037
0.194149
0.441031
0.607616
0.628819
0.644206
0.523923
0.589036
0.691713
0.441409
0.225762
0.584674
0.712865
0.722526
0.732801
0.693254
0.726487
0.737312
0.641239
0.289057
0.485651
0.402546
0.263017
0.248155
0.247093
0.199626
0.523307
0.764746
0.470336
0.240081
0.202531
0.542271
0.756351
0.312168
0.503004
0.326340
0.326789
0.379196
0.427848
0.642077
0.715400
0.609421
0.419228
0.377179
0.380531
0.385854
0.394530
0.401613
0.404575
0.398471
0.391369
0.379552
0.368509
0.370876
0.366922
0.362584
0.367920
0.354459
0.499204
0.423533
0.618589
0.662275
0.706825
0.741874
0.634126
0.230490
0.293184
0.568428
0.603329
0.642447
0.575082
0.547001
0.659089
0.592045
0.214335
0.466227
0.695123
0.710939
0.735770
0.693254
0.716876
0.730664
0.734587
0.396692
0.220432
0.358881
0.570851
0.454495
0.213036
0.208462
0.230791
0.263172
0.210451
0.212198
0.212966
0.261348
0.317812
0.393149
0.447987
0.330775
0.358537
0.405212
0.445386
0.470331
0.541734
0.458634
0.386795
0.377172
0.378765
0.381126
0.380736
0.382105
0.390403
0.386052
0.379341
0.374011
0.375003
0.373026
0.370665
0.365719
0.367095
0.373205
0.367274
0.411831
0.485785
0.669812
0.676888
0.721054
0.738471
0.419931
0.198115
0.455727
0.578447
0.598057
0.622728
0.518209
0.625575
0.665673
0.286850
0.364312
0.682711
0.705289
0.731489
0.707483
0.699415
0.693747
0.467742
0.267886
0.222332
0.700669
0.875984
0.648242
0.216005
0.201366
0.209447
0.206868
0.263492
0.273774
0.229959
0.219460
0.237452
0.399509
0.348370
0.353220
0.375095
0.412531
0.446985
0.367506
0.408894
0.408504
0.406143
0.393123
0.386418
0.385036
0.385253
0.384863
0.388599
0.393321
0.395081
0.396066
0.394697
0.387991
0.382061
0.379476
0.378491
0.379879
0.376706
0.352156
0.318713
0.612869
0.675582
0.682057
0.726173
0.595020
0.220215
0.332724
0.548549
0.568990
0.632018
0.534038
0.540245
0.445042
0.236267
0.292781
0.637483
0.706511
0.706063
0.728213
0.652998
0.404517
0.207789
0.325502
0.312316
0.409989
0.524419
0.276198
0.207086
0.199389
0.198788
0.436459
0.754017
0.799802
0.510888
0.226178
0.289212
0.329591
0.347327
0.363489
0.381020
0.400541
0.432083
0.319770
0.407531
0.426041
0.421486
0.417532
0.407698
0.402970
0.401588
0.395477
0.400206
0.410647
0.418511
0.419887
0.416144
0.406086
0.397186
0.392848
0.383398
0.380058
0.379847
0.373289
0.331574
0.397991
0.561704
0.553463
0.665250
0.693492
0.321387
0.219837
0.467467
0.534211
0.604935
0.570315
0.331886
0.248245
0.314069
0.232307
0.531576
0.495068
0.340523
0.423481
0.422898
0.217463
0.499231
0.803154
0.707374
0.237342
0.188570
0.204117
0.210829
0.292514
0.217764
0.606732
0.836514
0.600481
0.333833
0.242423
0.301254
0.352260
0.347742
0.361153
0.376329
0.391717
0.408704
0.260812
0.375356
0.449299
0.440399
0.437821
0.435844
0.427379
0.416547
0.413789
0.414557
0.420661
0.429132
0.431883
0.429299
0.425556
0.407807
0.399726
0.392637
0.383187
0.377467
0.404288
0.478212
0.394409
0.403437
0.564964
0.551661
0.427249
0.340371
0.183426
0.336928
0.491843
0.409571
0.320152
0.205051
0.507432
0.805041
0.367557
0.235506
0.201685
0.215019
0.205569
0.215250
0.226837
0.693740
0.808932
0.677648
0.265533
0.199389
0.215557
0.513409
0.804146
0.443675
0.250535
0.380430
0.437174
0.495646
0.361147
0.371339
0.360942
0.358395
0.358005
0.363936
0.380532
0.397129
0.246831
0.298771
0.428550
0.467777
0.446241
0.404212
0.446676
0.431116
0.428364
0.423419
0.430898
0.437002
0.440137
0.443657
0.442665
0.426119
0.414686
0.405613
0.394774
0.382567
0.391857
0.464091
0.440213
0.428435
0.822469
0.739979
0.256102
0.339156
0.317383
0.227093
0.259614
0.188000
0.157898
0.238110
0.720528
0.858293
0.476434
0.185607
0.346603
0.667687
0.554689
0.211437
0.210822
0.281912
0.306596
0.243050
0.211213
0.192466
0.399036
0.848331
0.769916
0.306992
0.236530
0.446656
0.506728
0.361594
0.344736
0.360507
0.373143
0.372587
0.378511
0.379707
0.390801
0.403648
0.253715
0.232020
0.314306
0.389823
0.365542
0.395319
0.459261
0.446452
0.442332
0.437987
0.443100
0.446235
0.448769
0.451520
0.453881
0.444040
0.433592
0.418806
0.403246
0.392407
0.390257
0.422298
0.476215
0.357889
0.356968
0.312539
0.187373
0.387679
0.728558
0.397085
0.157520
0.292590
0.327709
0.239710
0.534387
0.523434
0.277574
0.234367
0.712991
0.857685
0.687482
0.216389
0.202902
0.200541
0.190707
0.193458
0.208858
0.234310
0.408934
0.717489
0.355362
0.402279
0.390660
0.318548
0.325823
0.329943
0.347097
0.359516
0.376279
0.387155
0.399017
0.401422
0.409157
0.420629
0.232563
0.315457
0.369099
0.303007
0.310109
0.439715
0.468711
0.458270
0.454149
0.454143
0.457278
0.455691
0.453497
0.458001
0.458001
0.446184
0.433759
0.420950
0.405997
0.390213
0.386079
0.402727
0.428447
0.441851
0.277068
0.201168
0.352106
0.289020
0.407858
0.588145
0.231591
0.611023
0.586346
0.190118
0.177079
0.175703
0.190707
0.221117
0.495237
0.554593
0.301867
0.201756
0.207246
0.206485
0.381057
0.607884
0.475762
0.237669
0.233325
0.228059
0.398932
0.501494
0.395228
0.320922
0.327793
0.337032
0.352209
0.372325
0.390297
0.404910
0.417156
0.421538
0.430482
0.432280
0.262967
0.336386
0.354313
0.424545
0.349169
0.464764
0.468711
0.458270
0.457879
0.460464
0.463599
0.463766
0.458219
0.460362
0.457394
0.440631
0.431564
0.413643
0.399458
0.382298
0.377781
0.379201
0.382605
0.387160
0.368343
0.289871
0.672165
0.736242
0.257631
0.262750
0.299424
0.455697
0.329539
0.165364
0.178384
0.194827
0.255635
0.232934
0.201763
0.183624
0.198404
0.211213
0.207252
0.251291
0.752488
0.852285
0.765354
0.272417
0.276103
0.294747
0.427769
0.484208
0.443280
0.366438
0.325816
0.339784
0.356937
0.380022
0.401123
0.418704
0.432159
0.439894
0.441141
0.439586
